	Elizabeth.Chris.WT.Ile.732542	Uri.Jake.TGIle.732486	Joey.Aaron.Kyle.WT.Ile.732540	Wang.TG.Fec.732515	Ryan.WT.Abd.732465	TH.CVA.WT.Col.732504	Gail.TG.Col.732544	TH.CVA.WT.Ile.732517	Chen.Lladser.WT.Ile.732478	TH.CVA.WT.Fec.732553	Gail.TG.Cec.732526	Brad.Jon.WT.Con1.732543	Joey.Aaron.Kyle.WT.Fec.732462	Uri.Jake.TGCec.732550	Wang.TG.Oral.732507	Brad.Jon.WT.Abd.732474	Elizabeth.Chris.WT.Oral.732520	Joey.Aaron.Kyle.WT.Abd.732541	Uri.Jake.TGCon1.732472	Jordan.Lisette.TG.Ile.732463	Elizabeth.Chris.WT.Fec.732549	Joshua.Jose.WTIle.732530	Gail.TG.Abd.732538	Joey.Aaron.Kyle.WT.Col.732503	Chen.Lladser.WT.Fec.732512	Joey.Aaron.Kyle.WT.Oral.732506	Chen.Lladser.WT.Col.732473	Wang.TG.Cec.732527	Joshua.Jose.WTCol.732534	Ryan.WT.Col.732487	BLANK11.732489	Joey.Aaron.Kyle.WT.Con1.732511	Elizabeth.Chris.WT.Col.732481	Nick.Krishna.TG.Cec.732493	Jordan.Lisette.TG.Cec.732483	Gail.TG.Ile.732556	Brad.Jon.WT.Fec.732480	TH.CVA.WT.Con1.732476	Brad.Jon.WT.Col.732469	Brad.Jon.WT.Oral.732528	Ryan.WT.Fec.732502	Jordan.Lisette.TG.Fec.732499	Gail.TG.Fec.732514	Uri.Jake.TGOral.732536	Ryan.WT.Con7.732519	Nick.Krishna.TG.Oral.732464	Ryan.WT.Ile.732523	Joshua.Jose.WTCec.732546	TH.CVA.WT.Cec.732496	Gail.TG.Oral.732531	Elizabeth.Chris.WT.Cec.732516	Chen.Lladser.WT.Oral.732521	Joshua.Jose.WTCon1.732471	Joshua.Jose.WTOral.732551	Chen.Lladser.WT.Con1.732529	Wang.TG.Abd.732547	Elizabeth.Chris.WT.Con1.732495	Brad.Jon.WT.Ile.732492	Chen.Lladser.WT.Abd.732488	Ryan.WT.Cec.732545	Brad.Jon.WT.Cec.732554	Ryan.WT.Oral.732500	Joshua.Jose.WTFec.732466	Jordan.Lisette.TG.Col.732461	Nick.Krishna.TG.Abd.732510	Wang.TG.Ile.732525	Nick.Krishna.TG.Con1.732508	Jordan.Lisette.TG.Oral.732539	Nick.Krishna.TG.Ile.732501	Joey.Aaron.Kyle.WT.Cec.732518	Wang.TG.Con1.732535	Gail.TG.Con1.732475	Uri.Jake.TGFec.732494	Chen.Lladser.WT.Cec.732509	Jordan.Lisette.TG.Con1.732484	Wang.TG.Col.732505	Uri.Jake.TGCol.732482	Nick.Krishna.TG.Col.732532
Elizabeth.Chris.WT.Ile.732542	0.0	0.610791699931	0.269958534067	0.53466366139	0.446016937371	0.415265127323	0.52012458362	0.425536896077	0.628277969718	0.336419669649	0.355976111493	0.507355815554	0.217167990365	0.368148251893	0.782572869924	0.306124659326	0.619524624914	0.414597728837	0.404483275981	0.315921527873	0.198046820372	0.425205258087	0.771295037853	0.261771748107	0.378826304198	0.370218657949	0.343280557467	0.368920378527	0.274831603579	0.399487426015	0.490506882312	0.477495498968	0.720951982106	0.372148011012	0.332675732966	0.494317019959	0.35481017894	0.585749483827	0.767536448727	0.805043296628	0.279204638679	0.32952220234	0.554103248451	0.867980240881	0.433924129387	0.90370943565	0.560322498279	0.315647281487	0.369781913283	0.832626448727	0.210294748796	0.555677384721	0.466519415003	0.494432257398	0.650603179628	0.471646090847	0.328918692361	0.659977742602	0.669116256022	0.369768995182	0.356155925671	0.506264074329	0.290168768066	0.360343241569	0.636746173434	0.64028357192	0.553357783895	0.847482931865	0.509929036476	0.412064005506	0.45496440468	0.442344280798	0.481706999312	0.371602959394	0.372882188575	0.419061672402	0.420455375086	0.314838169305
Uri.Jake.TGIle.732486	0.610791699931	0.0	0.505751486579	0.758728465244	0.650836056435	0.460545375086	0.708927309016	0.581663434274	0.0993948176187	0.531444267034	0.625848114246	0.383585010323	0.676573991741	0.614446022023	0.779017687543	0.515658754301	0.509478403304	0.50233065382	0.367459862354	0.604845519615	0.631431596696	0.601232456986	0.784100130764	0.687241961459	0.445462037164	0.485144962147	0.5405410117	0.685028802478	0.742994893324	0.62332083276	0.792168616655	0.531619201652	0.594704067447	0.667264033035	0.621429566414	0.538832656573	0.640798933242	0.308531906401	0.522360619408	0.801071830695	0.633674645561	0.652408437715	0.75072788713	0.934729697178	0.479855719202	0.949030908465	0.674316799725	0.675870516173	0.569291479697	0.83275401927	0.685491073641	0.659527983482	0.593294487268	0.784094748796	0.418363509979	0.767850839642	0.524380247763	0.435842229869	0.673892236752	0.568613055747	0.621014962147	0.297646896077	0.70588952512	0.678193592567	0.636873922918	0.404718465244	0.355647364074	0.898962339986	0.491000791466	0.513146634549	0.462068093599	0.457722546456	0.631875230557	0.522072305575	0.47668973159	0.714528527185	0.569014700619	0.53185321404
Joey.Aaron.Kyle.WT.Ile.732540	0.269958534067	0.505751486579	0.0	0.636491610461	0.349499160358	0.507252195458	0.608137006194	0.453012222987	0.516339242946	0.404058850654	0.42304294563	0.401992105988	0.266553668273	0.466989318651	0.661228128011	0.358663386098	0.537233220922	0.313689353063	0.442253523744	0.404958465244	0.352803895389	0.42647092223	0.674618128011	0.304161954577	0.422799951824	0.283224005506	0.450593420509	0.432802367515	0.334751169993	0.311116187199	0.528192009635	0.287878189952	0.650566841019	0.460108747419	0.389225581555	0.543625051617	0.43276092223	0.471282594632	0.655651238816	0.693189938059	0.391651803166	0.393951142464	0.65286008947	0.774760591879	0.339735437027	0.793821582932	0.554405051617	0.289033771507	0.464172587749	0.720017522368	0.291609621473	0.429648251893	0.311365051617	0.522926730902	0.55277422574	0.509061211287	0.263639704061	0.553103668273	0.555612243634	0.250541720578	0.408525664143	0.379097556779	0.324776455609	0.434040013765	0.518730488644	0.535700991053	0.453080777701	0.74435366139	0.565437825189	0.213337405368	0.49143476256	0.478547673778	0.565679972471	0.431555739849	0.373304356504	0.51911871989	0.514801961459	0.367332105988
Wang.TG.Fec.732515	0.53466366139	0.758728465244	0.636491610461	0.0	0.796907990365	0.341423626979	0.0965217481074	0.58752193393	0.763740516173	0.371826662078	0.33983842395	0.704738843772	0.50219550585	0.279465402615	1.007909883	0.476322759807	0.794442092223	0.613931149346	0.500489580179	0.397498210599	0.45410687543	0.687892980041	0.981954280798	0.438097253957	0.403389084652	0.571065705437	0.463760020647	0.309300846524	0.558852553338	0.737707907777	0.719968286304	0.791710364763	0.938540695114	0.2783930351	0.480745560908	0.323597102546	0.289154459738	0.792007625602	0.929328052306	1.03535750172	0.416061858224	0.420097838954	0.0785262078458	1.09081754301	0.804124280798	1.13450898142	0.80857401927	0.67020845148	0.315641734343	1.06141105988	0.582050660702	0.842940908465	0.808222236752	0.728560254646	0.828941266345	0.702376703372	0.675432966277	0.811667474191	0.892196861666	0.743730619408	0.477630887818	0.736675898142	0.506652787337	0.370162746043	0.837584328975	0.789443076394	0.700961940812	1.08189262216	0.301035547144	0.745423964212	0.475396710255	0.495770529938	0.172036841019	0.367159724708	0.569732305575	0.163687742602	0.268371520991	0.384970350998
Ryan.WT.Abd.732465	0.446016937371	0.650836056435	0.349499160358	0.796907990365	0.0	0.696242876807	0.78338282863	0.583647653131	0.656530240881	0.591634679972	0.552033916036	0.547795161734	0.477086813489	0.627414755678	0.609182512044	0.559347019959	0.536604328975	0.501271968341	0.663308375774	0.556719497591	0.559214934618	0.486993234687	0.587935388851	0.534357467309	0.650578189952	0.379669125946	0.617395856848	0.556022105988	0.476162154164	0.200732938747	0.590633496215	0.362665512732	0.647771245699	0.609829174123	0.496996923606	0.763359862354	0.587675622849	0.529659938059	0.689069504474	0.638503702684	0.595689380592	0.510117006194	0.822533771507	0.635030640055	0.351585898142	0.668406001376	0.509213448039	0.402126985547	0.630244838266	0.645457604955	0.376262477632	0.483048169305	0.291358403304	0.593619669649	0.605447315898	0.587231438403	0.44619458362	0.660557845836	0.568473730213	0.145345354439	0.530983420509	0.478146985547	0.522351087405	0.559956228493	0.562442367515	0.62741193393	0.633640185822	0.618878121129	0.785124349621	0.347024645561	0.710871156228	0.698322484515	0.763755801789	0.640544342739	0.547951596696	0.672767804542	0.693276276669	0.542854432209
TH.CVA.WT.Col.732504	0.415265127323	0.460545375086	0.507252195458	0.341423626979	0.696242876807	0.0	0.313712064694	0.502099408121	0.482312842395	0.171589050241	0.278395072264	0.572130110117	0.406218582244	0.237923592567	0.904981741225	0.342381541638	0.68124193393	0.475618602891	0.301876662078	0.332191885754	0.308259931177	0.631179690296	0.913909993118	0.347522656573	0.223708293187	0.483225629732	0.344789442533	0.273184253269	0.472333537509	0.646313544391	0.657313358568	0.651181796284	0.79387615967	0.271411266345	0.389498561597	0.210583922918	0.224200949759	0.532704590502	0.767636758431	0.930598885065	0.29937824501	0.327834542326	0.348734776325	1.00612573985	0.654633000688	1.04287307639	0.734032635926	0.569093716449	0.163888458362	0.958230144529	0.494163812801	0.739923833448	0.684070777701	0.667618967653	0.651905609085	0.644028093599	0.530310330351	0.676196455609	0.799074638679	0.61934366139	0.410149270475	0.508907164487	0.396316276669	0.288654535444	0.73148824501	0.647646730902	0.527778671714	0.986970096352	0.189585602202	0.59425532691	0.360949807295	0.371932326222	0.231880220234	0.226430233999	0.42708157605	0.290672608396	0.225468196834	0.267449834825
Gail.TG.Col.732544	0.52012458362	0.708927309016	0.608137006194	0.0965217481074	0.78338282863	0.313712064694	0.0	0.582459704061	0.711833454921	0.340446689608	0.327287866483	0.66016991053	0.499659222299	0.263599057123	0.987541472815	0.436305306263	0.76721247075	0.573883799036	0.4518260702	0.390281885754	0.428027136958	0.689672209222	0.957220860289	0.438539277357	0.349820426703	0.559268857536	0.446922608396	0.312507715072	0.563000578114	0.73606026841	0.713861706813	0.758103372333	0.903086586373	0.27744717137	0.484544652443	0.269962539573	0.260323269098	0.746893227805	0.87944181693	1.02105044047	0.394937522368	0.425388699243	0.0826582794219	1.0772268479	0.770267955953	1.12061079835	0.802223103923	0.662277563661	0.286441940812	1.04719107364	0.584819483827	0.834461018582	0.788996111493	0.722337777013	0.783639807295	0.696381452168	0.638761307639	0.766948465244	0.875028644184	0.726263764625	0.476656173434	0.685794094976	0.499094948383	0.37535386786	0.81120943565	0.739073592567	0.658076545079	1.06814322092	0.247088940124	0.711078816242	0.431748754301	0.438207061253	0.134479304886	0.310451658637	0.53161541638	0.170441920165	0.234888602891	0.347029965588
TH.CVA.WT.Ile.732517	0.425536896077	0.581663434274	0.453012222987	0.58752193393	0.583647653131	0.502099408121	0.582459704061	0.0	0.610003317275	0.408045898142	0.399551851342	0.549149132829	0.46945743978	0.402154012388	0.866806311081	0.388302284928	0.683406944253	0.427407825189	0.504023103923	0.363710137646	0.513006579491	0.561301865107	0.793026510668	0.489644074329	0.465132009635	0.324783289745	0.343183083276	0.43744952512	0.503074556091	0.511909015829	0.663498121129	0.635786861666	0.834215870613	0.427539676531	0.374806971783	0.563824776325	0.448081059876	0.590512931865	0.808027756366	0.892936022023	0.55280083276	0.403000116999	0.625848774948	0.949516655196	0.644633317275	0.990847336545	0.666214301445	0.486424507915	0.400128761184	0.917545946318	0.445982546456	0.693107205781	0.62830827254	0.657602642808	0.698609779766	0.639844156917	0.541287990365	0.710170330351	0.754011169993	0.536667790778	0.313323503097	0.508940860289	0.529312395045	0.427003289745	0.660744790089	0.681087749484	0.566067522368	0.940263613214	0.552399903648	0.57822613214	0.565571004818	0.528333331039	0.547019064006	0.45229842395	0.457233234687	0.484829938059	0.412389834825	0.38816026841
Chen.Lladser.WT.Ile.732478	0.628277969718	0.0993948176187	0.516339242946	0.763740516173	0.656530240881	0.482312842395	0.711833454921	0.610003317275	0.0	0.551411431521	0.645066056435	0.401562278045	0.691855498968	0.638294439092	0.765376194081	0.478091025465	0.521356483138	0.476497584308	0.390520158293	0.6088520234	0.646214053682	0.598983310392	0.769911328286	0.702403936683	0.438687949071	0.514058100482	0.559354838266	0.703056930489	0.759113262216	0.636825313145	0.789535161734	0.491748664831	0.578565918789	0.68476487956	0.646837501721	0.530396503785	0.648900385409	0.302946008259	0.480041231934	0.791501376462	0.644929903648	0.678433551273	0.752650839642	0.9284220234	0.491441631108	0.942349428768	0.678551328286	0.690014101858	0.591069518238	0.823578953889	0.70190714384	0.6581560702	0.590538981418	0.777245423262	0.389407357192	0.761138403304	0.525618671714	0.394517790778	0.669704301445	0.569435719202	0.650720681349	0.321886448727	0.717338134893	0.70268256022	0.602870199587	0.399576214728	0.340605017206	0.892997185134	0.501689538885	0.513036373021	0.479553441156	0.447316992429	0.64941467309	0.529324893324	0.495109931177	0.719706510668	0.596393028217	0.553885843083
TH.CVA.WT.Fec.732553	0.336419669649	0.531444267034	0.404058850654	0.371826662078	0.591634679972	0.171589050241	0.340446689608	0.408045898142	0.551411431521	0.0	0.197778891948	0.473542092223	0.319186806607	0.2018329181	0.836581995871	0.253012271163	0.657253296628	0.375553186511	0.277735911906	0.244234384033	0.265830770819	0.572712567103	0.837364618032	0.278183626979	0.174019119064	0.378627811425	0.27009128011	0.222905925671	0.378441266345	0.541765347557	0.575209924295	0.57646181693	0.761572477632	0.235377591191	0.292448134893	0.245225815554	0.17813788713	0.484751342051	0.725199215416	0.861021039229	0.292592869924	0.231404817619	0.383374934618	0.931883613214	0.555048024776	0.963676703372	0.706314239504	0.478968795595	0.11546273916	0.8902830351	0.39443845148	0.658693860977	0.582868100482	0.587295079147	0.598752746043	0.563375230557	0.447220261528	0.633313379215	0.730516366139	0.510774459738	0.321527543014	0.413135485203	0.309875732966	0.237281410874	0.653584962147	0.612285141087	0.460934838266	0.910102780454	0.261351225052	0.512933764625	0.327007446662	0.334357921542	0.262382071576	0.153177632485	0.302840963524	0.260737653131	0.222266675843	0.159477921542
Gail.TG.Cec.732526	0.355976111493	0.625848114246	0.42304294563	0.33983842395	0.552033916036	0.278395072264	0.327287866483	0.399551851342	0.645066056435	0.197778891948	0.0	0.522698836889	0.30832512044	0.15779321404	0.837897928424	0.30043467309	0.68505752925	0.414414858913	0.404661906401	0.186117377839	0.318136145905	0.554506324845	0.777725478321	0.270136324845	0.289420557467	0.31539836201	0.266942161046	0.114829580179	0.341183103923	0.498918609773	0.536335244322	0.604478768066	0.83586827254	0.153693854095	0.210208224363	0.331162477632	0.143294907089	0.637296744666	0.837085127323	0.865741211287	0.335096978665	0.172701452168	0.374881218169	0.921547075017	0.59787220234	0.964869070888	0.696743427392	0.464532312457	0.181725306263	0.891867061253	0.35212220234	0.663960763937	0.593667240193	0.548822284928	0.721349600826	0.52391743978	0.488614624914	0.710664480385	0.722392395045	0.501327777013	0.190842911218	0.534501617343	0.311996524432	0.155777728837	0.655448781831	0.688102518926	0.580812147281	0.911315409498	0.332090130764	0.54431788713	0.393016896077	0.388673647626	0.326888685478	0.24738047488	0.356713578802	0.215690213352	0.224053083276	0.178022222987
Brad.Jon.WT.Con1.732543	0.507355815554	0.383585010323	0.401992105988	0.704738843772	0.547795161734	0.572130110117	0.66016991053	0.549149132829	0.401562278045	0.473542092223	0.522698836889	0.0	0.566520997935	0.567127756366	0.657484845148	0.432657928424	0.463587419133	0.403800110117	0.320493420509	0.492518086717	0.545743158981	0.488921142464	0.724630646937	0.590650523056	0.437529786648	0.43062339298	0.5178450585	0.563074239504	0.622147735719	0.507421286992	0.669373158981	0.429757949071	0.444327123193	0.577967240193	0.545692388162	0.557289587061	0.512862236752	0.278752140399	0.394551837577	0.66060541638	0.550455443909	0.548362450103	0.714211631108	0.842457873365	0.320002546456	0.860421314522	0.651554556091	0.557521693049	0.52555044735	0.701824755678	0.567856620785	0.541465395733	0.496895189264	0.662744480385	0.276976902959	0.643872450103	0.403250777701	0.272225175499	0.570072938747	0.466715450791	0.540918499656	0.255058485891	0.589633241569	0.580524893324	0.580033551273	0.270618864418	0.192146799725	0.807672704749	0.600386448727	0.435828878183	0.275191713696	0.291080440468	0.633920006882	0.465190970406	0.320093379215	0.583796992429	0.587706579491	0.453485767378
Joey.Aaron.Kyle.WT.Fec.732462	0.217167990365	0.676573991741	0.266553668273	0.50219550585	0.477086813489	0.406218582244	0.499659222299	0.46945743978	0.691855498968	0.319186806607	0.30832512044	0.566520997935	0.0	0.352082229869	0.807768279422	0.356075705437	0.67956541638	0.45100083276	0.453127577426	0.287349848589	0.219494356504	0.528056854783	0.791888231246	0.0991368616655	0.368272119752	0.391191961459	0.361896462491	0.314570722643	0.14926449415	0.411774562973	0.497643158981	0.454262787337	0.798999242946	0.339208251893	0.297427136958	0.476945464556	0.331072704749	0.645912642808	0.824266035788	0.82987377839	0.284251211287	0.27575586373	0.534144796972	0.892139738472	0.518371266345	0.928736145905	0.657429855471	0.25316339298	0.359554390915	0.859161197522	0.236778472127	0.565005471438	0.448210791466	0.512208699243	0.719964108741	0.491999793531	0.406446765313	0.719639332416	0.698627136958	0.408478417068	0.328608279422	0.567432408809	0.13722651755	0.306977990365	0.666238100482	0.704567088782	0.620348912595	0.874706999312	0.49576824501	0.3427270819	0.469439029594	0.474597075017	0.469110571232	0.361308596008	0.420385609085	0.39219339298	0.405782333104	0.285079015829
Uri.Jake.TGCec.732550	0.368148251893	0.614446022023	0.466989318651	0.279465402615	0.627414755678	0.237923592567	0.263599057123	0.402154012388	0.638294439092	0.2018329181	0.15779321404	0.567127756366	0.352082229869	0.0	0.886116937371	0.289699064006	0.703153509979	0.448121438403	0.380508871301	0.230988995182	0.324102587749	0.585819800413	0.825339366827	0.294020206469	0.249526379904	0.34893871989	0.264409855471	0.149644955265	0.404721644873	0.575388836889	0.593235216793	0.645167136958	0.849300949759	0.0914782312457	0.274115271851	0.278200096352	0.157102133517	0.634207398486	0.835656496903	0.912161376462	0.298782539573	0.243270633173	0.304972725396	0.969116558844	0.648042305575	1.01102780454	0.72532568479	0.512354735031	0.150432326222	0.938182573985	0.417971906401	0.711774060564	0.645852278045	0.603991796284	0.716472312457	0.580123331039	0.531979139711	0.732759428768	0.768211541638	0.57096056435	0.28911128011	0.539881025465	0.357145650379	0.195732154164	0.673818981418	0.698712319339	0.578975643496	0.957492284928	0.229996806607	0.581643516862	0.412147990365	0.413790825877	0.223532952512	0.20845827254	0.404965650379	0.184943331039	0.118276194081	0.168987370957
Wang.TG.Oral.732507	0.782572869924	0.779017687543	0.661228128011	1.007909883	0.609182512044	0.904981741225	0.987541472815	0.866806311081	0.765376194081	0.836581995871	0.837897928424	0.657484845148	0.807768279422	0.886116937371	0.0	0.739867412251	0.525308506538	0.662638554714	0.791990309704	0.801615141087	0.845857653131	0.665279311769	0.303547013076	0.838670798348	0.832594466621	0.676979098417	0.822009807295	0.835773799036	0.818808479009	0.651820406056	0.668469249828	0.553746028906	0.652729669649	0.872801624226	0.79131598073	0.907100502409	0.852337061253	0.661122505162	0.712601073641	0.104412670337	0.846980550585	0.805229717825	1.02247242946	0.303951197522	0.553090240881	0.281484466621	0.669994198211	0.743591603579	0.882581858224	0.102074735031	0.760623076394	0.275219339298	0.559979442533	0.634777019959	0.6584950585	0.646953055747	0.656447033723	0.72972163799	0.439385024088	0.611059593944	0.823376779078	0.633937715072	0.817988341363	0.843111761872	0.364103626979	0.722147949071	0.665670970406	0.244487625602	0.947253606332	0.626646056435	0.794767804542	0.788667515485	0.972039470062	0.847581321404	0.724534384033	0.916360075705	0.928915925671	0.796796627667
Brad.Jon.WT.Abd.732474	0.306124659326	0.515658754301	0.358663386098	0.476322759807	0.559347019959	0.342381541638	0.436305306263	0.388302284928	0.478091025465	0.253012271163	0.30043467309	0.432657928424	0.356075705437	0.289699064006	0.739867412251	0.0	0.590712849277	0.241408857536	0.282353881624	0.231749036476	0.372646111493	0.498831073641	0.71211395733	0.374508313833	0.23954633861	0.297738375774	0.254168644184	0.319236737784	0.41718136958	0.489703372333	0.515830082588	0.481904962147	0.708727501721	0.30111678596	0.306577336545	0.377707611838	0.28405889883	0.48949642808	0.655781066758	0.800103620096	0.411833193393	0.310338121129	0.487410192705	0.858975650379	0.535462993806	0.900545381968	0.665499105299	0.445053317275	0.279282663455	0.825732938747	0.360821693049	0.590253000688	0.562030970406	0.492151589814	0.534773702684	0.477612319339	0.395195602202	0.560585017206	0.648096827254	0.49250184446	0.317574776325	0.402437969718	0.397918919477	0.333251617343	0.495527061253	0.559934425327	0.410038864418	0.845405471438	0.390020454233	0.47369294563	0.364991858224	0.317530330351	0.383899160358	0.258124081211	0.316533179628	0.364308410186	0.316992353751	0.202325788025
Elizabeth.Chris.WT.Oral.732520	0.619524624914	0.509478403304	0.537233220922	0.794442092223	0.536604328975	0.68124193393	0.76721247075	0.683406944253	0.521356483138	0.657253296628	0.68505752925	0.463587419133	0.67956541638	0.703153509979	0.525308506538	0.590712849277	0.0	0.545022105988	0.572167281487	0.619341032347	0.66381514797	0.550708327598	0.728265636614	0.700620185822	0.625691218169	0.569692477632	0.685497818307	0.697902099105	0.727800096352	0.579823682037	0.763078527185	0.482228258775	0.402614900206	0.712639779766	0.6699089883	0.709149697178	0.689966090847	0.455627295251	0.455465836201	0.498928458362	0.655127845836	0.672482807983	0.803016366139	0.786307577426	0.422248203716	0.777721094288	0.538888885065	0.67158991053	0.687583193393	0.568580364763	0.671877432897	0.58189247075	0.502785278734	0.737978313833	0.436931300757	0.730681121817	0.571484556091	0.426193351686	0.548109332416	0.526471486579	0.684450612526	0.451088341363	0.700777412251	0.697498657949	0.611097515485	0.378245457674	0.512875829319	0.735242615279	0.702998341363	0.524239105299	0.552301706813	0.580819752237	0.737816675843	0.657238788713	0.578886152787	0.742010784584	0.714040041294	0.630429869236
Joey.Aaron.Kyle.WT.Abd.732541	0.414597728837	0.50233065382	0.313689353063	0.613931149346	0.501271968341	0.475618602891	0.573883799036	0.427407825189	0.476497584308	0.375553186511	0.414414858913	0.403800110117	0.45100083276	0.448121438403	0.662638554714	0.241408857536	0.545022105988	0.0	0.413091507226	0.346586083964	0.505733702684	0.452924542326	0.640870289057	0.475899318651	0.391392869924	0.295534638679	0.361975726084	0.440599511356	0.50366824501	0.437869242946	0.533667845836	0.436860261528	0.672524053682	0.45492955265	0.414647226428	0.492523406745	0.413461355816	0.472134549209	0.61886017894	0.722130192705	0.54433065382	0.424272732278	0.627045739849	0.780981108052	0.484964693737	0.821668458362	0.638528761184	0.46060642808	0.405785946318	0.747551693049	0.439261686167	0.512981927047	0.503494845148	0.509136896077	0.511269002065	0.498865278734	0.353594755678	0.536614287681	0.576568176187	0.440002553338	0.429569043359	0.369595388851	0.495680330351	0.454764039917	0.389088678596	0.555155877495	0.373660949759	0.768942161046	0.531425898142	0.424954934618	0.490424088094	0.462965189264	0.527501975224	0.390188933242	0.395101266345	0.500915643496	0.469343633861	0.344600963524
Uri.Jake.TGCon1.732472	0.404483275981	0.367459862354	0.442253523744	0.500489580179	0.663308375774	0.301876662078	0.4518260702	0.504023103923	0.390520158293	0.277735911906	0.404661906401	0.320493420509	0.453127577426	0.380508871301	0.791990309704	0.282353881624	0.572167281487	0.413091507226	0.0	0.38918827254	0.410395905024	0.599850227116	0.854037391604	0.463368981418	0.177138458362	0.441715739849	0.373860529938	0.429315271851	0.52824880936	0.619594377151	0.615705643496	0.538638059188	0.609975395733	0.411055223675	0.442189869236	0.31825476256	0.383411486579	0.332626194081	0.536864913971	0.818421438403	0.411756985547	0.43420330351	0.498964556091	0.959261328286	0.472398981418	0.975782883689	0.710139662767	0.544723441156	0.32581047488	0.849391775637	0.483280461115	0.669401596696	0.60477788713	0.618592339986	0.399921403992	0.595364769443	0.452770130764	0.447935485203	0.690016889195	0.580895010323	0.451176627667	0.313988107364	0.482339876118	0.452364287681	0.671068637302	0.417204907089	0.268996586373	0.921561706813	0.320299538885	0.527341706813	0.174016792842	0.159277962836	0.378805375086	0.255186648314	0.273565024088	0.442706421198	0.361482863042	0.287836792842
Jordan.Lisette.TG.Ile.732463	0.315921527873	0.604845519615	0.404958465244	0.397498210599	0.556719497591	0.332191885754	0.390281885754	0.363710137646	0.6088520234	0.244234384033	0.186117377839	0.492518086717	0.287349848589	0.230988995182	0.801615141087	0.231749036476	0.619341032347	0.346586083964	0.38918827254	0.0	0.334147673778	0.505112663455	0.746299979353	0.30875788713	0.298186813489	0.317016978665	0.223108059188	0.237234005506	0.341499628355	0.485822140399	0.523167955953	0.57328330351	0.803510798348	0.235743248451	0.219696490021	0.392758547832	0.208950261528	0.617091176875	0.808785313145	0.849353028217	0.373308203716	0.222225753613	0.426017508603	0.902028747419	0.587002546456	0.946759029594	0.667609353063	0.44731062629	0.255339518238	0.874278919477	0.348958217481	0.629936586373	0.596898258775	0.519977391604	0.679603922918	0.500538671714	0.461601114935	0.684464858913	0.70521339298	0.505152532691	0.223132236752	0.512892525809	0.346889415003	0.23986229181	0.5986259532	0.670115905024	0.543229717825	0.894958568479	0.390306889195	0.536033847213	0.380623565038	0.371730213352	0.382577116311	0.284752195458	0.357553145217	0.272796262904	0.285263234687	0.20362017894
Elizabeth.Chris.WT.Fec.732549	0.198046820372	0.631431596696	0.352803895389	0.45410687543	0.559214934618	0.308259931177	0.428027136958	0.513006579491	0.646214053682	0.265830770819	0.318136145905	0.545743158981	0.219494356504	0.324102587749	0.845857653131	0.372646111493	0.66381514797	0.505733702684	0.410395905024	0.334147673778	0.0	0.545688774948	0.854147336545	0.193503922918	0.320318561597	0.475803207158	0.385943454921	0.331192732278	0.29519384033	0.516698348245	0.558408458362	0.5377010117	0.740758527185	0.336094308328	0.381170605643	0.366218609773	0.29721577426	0.615057364074	0.780536304198	0.867950612526	0.144136015141	0.325924411562	0.463289380592	0.944484390915	0.509633110805	0.97251982106	0.680113489332	0.415763971094	0.299560240881	0.897916655196	0.317488286304	0.614785636614	0.569749277357	0.571910708878	0.670100103235	0.550851163111	0.363953193393	0.675898052306	0.738523916036	0.464176269787	0.403111885754	0.561830646937	0.237539029594	0.325138568479	0.710212966277	0.663288685478	0.575737446662	0.915963420509	0.384940812113	0.460714872677	0.424574748796	0.42281184446	0.374341183758	0.299262374398	0.419724700619	0.361685588438	0.343460612526	0.310519483827
Joshua.Jose.WTIle.732530	0.425205258087	0.601232456986	0.42647092223	0.687892980041	0.486993234687	0.631179690296	0.689672209222	0.561301865107	0.598983310392	0.572712567103	0.554506324845	0.488921142464	0.528056854783	0.585819800413	0.665279311769	0.498831073641	0.550708327598	0.452924542326	0.599850227116	0.505112663455	0.545688774948	0.0	0.662424053682	0.549467412251	0.588334521679	0.468254170681	0.483957281487	0.558508651067	0.549717288369	0.432513234687	0.521039518238	0.469347777013	0.658802319339	0.567670020647	0.527733475568	0.663709270475	0.561733523744	0.566539752237	0.691776090847	0.699353909153	0.56876110117	0.532999614591	0.711273296628	0.756029628355	0.462885643496	0.798190674467	0.300826503785	0.525179490709	0.583870048176	0.726117432897	0.501011087405	0.509933434274	0.466048747419	0.48875827254	0.547534975912	0.474951734343	0.392431108052	0.607131837577	0.569143083276	0.450572229869	0.539287694425	0.511370350998	0.560995732966	0.559106063317	0.562822732278	0.600149353063	0.525257715072	0.731526001376	0.704451514109	0.471178747419	0.627912099105	0.608745010323	0.675463255334	0.581342161046	0.530848231246	0.597622305575	0.622158430833	0.541280701996
Gail.TG.Abd.732538	0.771295037853	0.784100130764	0.674618128011	0.981954280798	0.587935388851	0.913909993118	0.957220860289	0.793026510668	0.769911328286	0.837364618032	0.777725478321	0.724630646937	0.791888231246	0.825339366827	0.303547013076	0.71211395733	0.728265636614	0.640870289057	0.854037391604	0.746299979353	0.854147336545	0.662424053682	0.0	0.825480853407	0.845420777701	0.594628506538	0.748965079147	0.813224074329	0.81853166552	0.621318830007	0.664646600138	0.619754377151	0.828565602202	0.82683604267	0.733266531315	0.916452388162	0.828548547832	0.742949105299	0.831032697866	0.366970199587	0.885418657949	0.776222346869	1.00213414315	0.247205960083	0.677007329663	0.29188128011	0.753112580867	0.74009092223	0.848293248451	0.301978953889	0.752613117688	0.364185994494	0.620897426015	0.634687680661	0.733622002753	0.634347377839	0.673119772884	0.798607426015	0.517297790778	0.603597949071	0.756163695802	0.681288774948	0.827981342051	0.814257921542	0.309783936683	0.795261514109	0.735290578114	0.246478795595	0.931269566414	0.645581562285	0.876403695802	0.852446971783	0.955387432897	0.835227728837	0.77542449415	0.889354177564	0.857158011012	0.759062966277
Joey.Aaron.Kyle.WT.Col.732503	0.261771748107	0.687241961459	0.304161954577	0.438097253957	0.534357467309	0.347522656573	0.438539277357	0.489644074329	0.702403936683	0.278183626979	0.270136324845	0.590650523056	0.0991368616655	0.294020206469	0.838670798348	0.374508313833	0.700620185822	0.475899318651	0.463368981418	0.30875788713	0.193503922918	0.549467412251	0.825480853407	0.0	0.359345567791	0.423057315898	0.370894714384	0.275525244322	0.204642869924	0.469641679284	0.533306311081	0.48438175499	0.822857880248	0.285948210599	0.337485333792	0.410732635926	0.281767102546	0.659112573985	0.835789008947	0.860942849277	0.242654693737	0.284899070888	0.471819428768	0.924266524432	0.559161052994	0.95974934618	0.686727157605	0.322328953889	0.298570812113	0.890182050929	0.293110061941	0.599288885065	0.497968754301	0.547329965588	0.733780337233	0.527545010323	0.447236386786	0.73741053682	0.732463448039	0.46457651755	0.358193110805	0.582733220922	0.149815519615	0.280442491397	0.693723454921	0.71640714384	0.630763764625	0.909557832072	0.42944401927	0.3927369649	0.475836827254	0.480658286304	0.406509304886	0.325557185134	0.444743860977	0.342775320028	0.345722140399	0.295463241569
Chen.Lladser.WT.Fec.732512	0.378826304198	0.445462037164	0.422799951824	0.403389084652	0.650578189952	0.223708293187	0.349820426703	0.465132009635	0.438687949071	0.174019119064	0.289420557467	0.437529786648	0.368272119752	0.249526379904	0.832594466621	0.23954633861	0.625691218169	0.391392869924	0.177138458362	0.298186813489	0.320318561597	0.588334521679	0.845420777701	0.359345567791	0.0	0.411184150034	0.292774900206	0.311492271163	0.439883110805	0.603801465933	0.601371906401	0.54034294563	0.724801424639	0.283984748796	0.363088974535	0.232924590502	0.265317570544	0.431766015141	0.647164872677	0.866002924983	0.327445698555	0.33239321404	0.404537178252	0.957667315898	0.553810750172	0.975468100482	0.714288678596	0.533138554714	0.216709387474	0.892005705437	0.458330798348	0.678328134893	0.60747824501	0.611785264969	0.512950984171	0.58564285616	0.451216269787	0.559387253957	0.717786717137	0.564793358568	0.376244239504	0.391277095664	0.390272181693	0.342500887818	0.661095037853	0.522274611149	0.374603427392	0.922446744666	0.221571376462	0.517843083276	0.261337205781	0.241368919477	0.281335946318	0.129850350998	0.328811768754	0.329315079147	0.236076958018	0.177096200964
Joey.Aaron.Kyle.WT.Oral.732506	0.370218657949	0.485144962147	0.283224005506	0.571065705437	0.379669125946	0.483225629732	0.559268857536	0.324783289745	0.514058100482	0.378627811425	0.31539836201	0.43062339298	0.391191961459	0.34893871989	0.676979098417	0.297738375774	0.569692477632	0.295534638679	0.441715739849	0.317016978665	0.475803207158	0.468254170681	0.594628506538	0.423057315898	0.411184150034	0.0	0.332232897454	0.333760619408	0.400978960771	0.315535609085	0.491984081211	0.469826792842	0.735169786648	0.339786145905	0.258298974535	0.548014122505	0.380189759119	0.51173788713	0.718353275981	0.720357673778	0.510562181693	0.298513578802	0.608873468685	0.762457013076	0.490569559532	0.806165134205	0.600353448039	0.341596015141	0.39953880936	0.732794397798	0.319615182381	0.502494074329	0.42449723331	0.487644528562	0.604980488644	0.476068589126	0.383749518238	0.604097598073	0.600334679972	0.333517467309	0.285590646937	0.399459759119	0.44184854095	0.346424308328	0.485532580867	0.576244638679	0.464798795595	0.754929119064	0.536032539573	0.390374432209	0.495573620096	0.473776896077	0.534789236063	0.405166847901	0.374871720578	0.451989236063	0.407699538885	0.272706531315
Chen.Lladser.WT.Col.732473	0.343280557467	0.5405410117	0.450593420509	0.463760020647	0.617395856848	0.344789442533	0.446922608396	0.343183083276	0.559354838266	0.27009128011	0.266942161046	0.5178450585	0.361896462491	0.264409855471	0.822009807295	0.254168644184	0.685497818307	0.361975726084	0.373860529938	0.223108059188	0.385943454921	0.483957281487	0.748965079147	0.370894714384	0.292774900206	0.332232897454	0.0	0.324587942189	0.41917714384	0.558493626979	0.448672312457	0.580814886442	0.802859683414	0.293042718513	0.269434308328	0.395023165864	0.289349855471	0.577496139023	0.777653248451	0.850136352374	0.428395671025	0.298415822436	0.466327274604	0.907863771507	0.608099181005	0.949346207846	0.712087336545	0.499425127323	0.270850481762	0.876444129387	0.411063289745	0.654763599449	0.623165258087	0.457108575361	0.602025457674	0.430736572608	0.387381672402	0.688608375774	0.702164370268	0.559909139711	0.224962154164	0.484260956641	0.421326558844	0.309482518926	0.602730006882	0.66932035788	0.481721631108	0.887149518238	0.400091465933	0.558461039229	0.42814889883	0.409984838266	0.390551080523	0.284308926359	0.388481328286	0.365192044047	0.265673344804	0.233004012388
Wang.TG.Cec.732527	0.368920378527	0.685028802478	0.432802367515	0.309300846524	0.556022105988	0.273184253269	0.312507715072	0.43744952512	0.703056930489	0.222905925671	0.114829580179	0.563074239504	0.314570722643	0.149644955265	0.835773799036	0.319236737784	0.697902099105	0.440599511356	0.429315271851	0.237234005506	0.331192732278	0.558508651067	0.813224074329	0.275525244322	0.311492271163	0.333760619408	0.324587942189	0.0	0.321544755678	0.481305794907	0.527387825189	0.625634707502	0.854486992429	0.115830233999	0.219094514797	0.33400714384	0.137851796284	0.677556496903	0.875097818307	0.862818596008	0.314658726772	0.164832422574	0.355657075017	0.91998273916	0.616866806607	0.96115523744	0.692061913283	0.458971596696	0.187747673778	0.887727832072	0.335580289057	0.65598833448	0.596015141087	0.540672002753	0.757363792154	0.521055856848	0.504487549897	0.748784232622	0.721687343427	0.5107950585	0.215760750172	0.572421507226	0.307826434962	0.128361046111	0.687229470062	0.720876999312	0.620117006194	0.908558079835	0.331441500344	0.560344507915	0.426757570544	0.428304714384	0.300956944253	0.273628279422	0.385384893324	0.183351892636	0.223966462491	0.197730151411
Joshua.Jose.WTCol.732534	0.274831603579	0.742994893324	0.334751169993	0.558852553338	0.476162154164	0.472333537509	0.563000578114	0.503074556091	0.759113262216	0.378441266345	0.341183103923	0.622147735719	0.14926449415	0.404721644873	0.818808479009	0.41718136958	0.727800096352	0.50366824501	0.52824880936	0.341499628355	0.29519384033	0.549717288369	0.81853166552	0.204642869924	0.439883110805	0.400978960771	0.41917714384	0.321544755678	0.0	0.372558396421	0.48721726084	0.531233585685	0.856320185822	0.372470337233	0.271335347557	0.549778864418	0.374123585685	0.712044693737	0.890150172058	0.837573427392	0.337021624226	0.26357065382	0.594185891259	0.902321823813	0.584370584997	0.934257556779	0.674157088782	0.227016407433	0.415912814866	0.864258410186	0.196688458362	0.567945340674	0.45074815554	0.503914886442	0.784954439092	0.488578726772	0.466627818307	0.781376407433	0.726272415692	0.416645168617	0.331065726084	0.626201789401	0.15395964212	0.310205196146	0.70096211287	0.766902429456	0.684671121817	0.881627777013	0.567526324845	0.4110889883	0.540068368892	0.545952181693	0.534866916724	0.430522890571	0.458700798348	0.438009807295	0.468520440468	0.352187680661
Ryan.WT.Col.732487	0.399487426015	0.62332083276	0.311116187199	0.737707907777	0.200732938747	0.646313544391	0.73606026841	0.511909015829	0.636825313145	0.541765347557	0.498918609773	0.507421286992	0.411774562973	0.575388836889	0.651820406056	0.489703372333	0.579823682037	0.437869242946	0.619594377151	0.485822140399	0.516698348245	0.432513234687	0.621318830007	0.469641679284	0.603801465933	0.315535609085	0.558493626979	0.481305794907	0.372558396421	0.0	0.52788577426	0.452760034412	0.714046083964	0.543085168617	0.402465320028	0.718026992429	0.542695485203	0.57338267722	0.758175313145	0.695206166552	0.543004700619	0.423999497591	0.772452505162	0.706494714384	0.441067935306	0.741760330351	0.541433585685	0.335988953889	0.583095794907	0.69965577426	0.265881582932	0.455045801789	0.365058788713	0.518167900895	0.655258093599	0.521533943565	0.419055781142	0.654518602891	0.598328953889	0.181697935306	0.45699166552	0.478389600826	0.453341479697	0.474354218858	0.550002849277	0.637673255334	0.587648761184	0.693854418445	0.737128699243	0.366321465933	0.664564618032	0.650822553338	0.71564440468	0.594554377151	0.499793592567	0.61261615967	0.644678685478	0.497524714384
BLANK11.732489	0.490506882312	0.792168616655	0.528192009635	0.719968286304	0.590633496215	0.657313358568	0.713861706813	0.663498121129	0.789535161734	0.575209924295	0.536335244322	0.669373158981	0.497643158981	0.593235216793	0.668469249828	0.515830082588	0.763078527185	0.533667845836	0.615705643496	0.523167955953	0.558408458362	0.521039518238	0.664646600138	0.533306311081	0.601371906401	0.491984081211	0.448672312457	0.527387825189	0.48721726084	0.52788577426	0.0	0.620816379904	0.863396937371	0.554634893324	0.464034232622	0.677938919477	0.551498850654	0.751413874742	0.887888905712	0.698207467309	0.59524824501	0.485041527873	0.722965987612	0.755317680661	0.6548649415	0.783006613902	0.739724094976	0.522236187199	0.605023633861	0.712548885065	0.44360925671	0.530949580179	0.605359993118	0.0839803097041	0.74475925671	0.0971461734343	0.398119779766	0.805609593944	0.632186896077	0.555880461115	0.490389814178	0.686137866483	0.536295182381	0.517879029594	0.575981025465	0.810371885754	0.669253833448	0.723492553338	0.720136551961	0.591857068135	0.6390840468	0.628330364763	0.698009421886	0.589999752237	0.553513324157	0.621994913971	0.648192278045	0.519115457674
Joey.Aaron.Kyle.WT.Con1.732511	0.477495498968	0.531619201652	0.287878189952	0.791710364763	0.362665512732	0.651181796284	0.758103372333	0.635786861666	0.491748664831	0.57646181693	0.604478768066	0.429757949071	0.454262787337	0.645167136958	0.553746028906	0.481904962147	0.482228258775	0.436860261528	0.538638059188	0.57328330351	0.5377010117	0.469347777013	0.619754377151	0.48438175499	0.54034294563	0.469826792842	0.580814886442	0.625634707502	0.531233585685	0.452760034412	0.620816379904	0.0	0.532051995871	0.645574989677	0.585280027529	0.662533895389	0.6046030351	0.393236269787	0.525073626979	0.581507068135	0.561156724019	0.590719105299	0.800155154852	0.694527398486	0.265939600826	0.70747476256	0.535513537509	0.45691321404	0.628155430145	0.611907136958	0.530159965588	0.461661376462	0.242632119752	0.612787412251	0.433296242257	0.597575753613	0.330287845836	0.522965381968	0.492718004129	0.336117997247	0.603111534756	0.394196889195	0.496056145905	0.631052752925	0.521594776325	0.496236015141	0.467103565038	0.648958293187	0.702463062629	0.206071314522	0.600969607708	0.562665258087	0.731400763937	0.580678224363	0.501973544391	0.687890151411	0.680193626979	0.542484487268
