	Elizabeth.Chris.WT.Ile.732542	Uri.Jake.TGIle.732486	Uri.Jake.TGCec.732550	Nick.Krishna.TG.Oral.732464	Joey.Aaron.Kyle.WT.Ile.732540	Wang.TG.Fec.732515	Ryan.WT.Abd.732465	TH.CVA.WT.Col.732504	Gail.TG.Col.732544	TH.CVA.WT.Ile.732517	Brad.Jon.WT.Oral.732528	TH.CVA.WT.Fec.732553	Brad.Jon.WT.Col.732469	Brad.Jon.WT.Con1.732543	Joey.Aaron.Kyle.WT.Fec.732462	Chen.Lladser.WT.Fec.732512	Wang.TG.Ile.732525	Uri.Jake.TGOral.732536	Elizabeth.Chris.WT.Oral.732520	Joey.Aaron.Kyle.WT.Abd.732541	Ryan.WT.Fec.732502	Jordan.Lisette.TG.Ile.732463	Elizabeth.Chris.WT.Fec.732549	Joshua.Jose.WTIle.732530	Gail.TG.Abd.732538	Joey.Aaron.Kyle.WT.Col.732503	Joey.Aaron.Kyle.WT.Oral.732506	Joshua.Jose.WTOral.732551	Nick.Krishna.TG.Abd.732510	Chen.Lladser.WT.Col.732473	Nick.Krishna.TG.Cec.732493	Nick.Krishna.TG.Ile.732501	Brad.Jon.WT.Fec.732480	Ryan.WT.Ile.732523	BLANK11.732489	Joey.Aaron.Kyle.WT.Con1.732511	Elizabeth.Chris.WT.Col.732481	Brad.Jon.WT.Cec.732554	Jordan.Lisette.TG.Cec.732483	Gail.TG.Ile.732556	Chen.Lladser.WT.Oral.732521	Brad.Jon.WT.Abd.732474	TH.CVA.WT.Con1.732476	Gail.TG.Cec.732526	Chen.Lladser.WT.Ile.732478	Uri.Jake.TGCon1.732472	Jordan.Lisette.TG.Fec.732499	Gail.TG.Fec.732514	Ryan.WT.Con7.732519	Wang.TG.Oral.732507	Joshua.Jose.WTCec.732546	TH.CVA.WT.Cec.732496	Elizabeth.Chris.WT.Cec.732516	Joshua.Jose.WTCol.732534	Joshua.Jose.WTCon1.732471	Ryan.WT.Cec.732545	Chen.Lladser.WT.Con1.732529	Wang.TG.Abd.732547	Ryan.WT.Col.732487	Elizabeth.Chris.WT.Con1.732495	Brad.Jon.WT.Ile.732492	Chen.Lladser.WT.Abd.732488	Jordan.Lisette.TG.Col.732461	Ryan.WT.Oral.732500	Joshua.Jose.WTFec.732466	Jordan.Lisette.TG.Oral.732539	Gail.TG.Oral.732531	Nick.Krishna.TG.Con1.732508	Wang.TG.Cec.732527	Joey.Aaron.Kyle.WT.Cec.732518	Wang.TG.Con1.732535	Gail.TG.Con1.732475	Uri.Jake.TGFec.732494	Chen.Lladser.WT.Cec.732509	Jordan.Lisette.TG.Con1.732484	Wang.TG.Col.732505	Uri.Jake.TGCol.732482	Nick.Krishna.TG.Col.732532
Elizabeth.Chris.WT.Ile.732542	0.0	0.459814807224	0.351716748994	0.676709104162	0.264403354886	0.393775019716	0.327394005814	0.375299406583	0.382742142395	0.43044617295	0.682321700857	0.343564854528	0.504262244624	0.391376548127	0.227235186628	0.344828611515	0.454932684518	0.67534023189	0.596675254748	0.390208465159	0.261520300187	0.34953151705	0.144949211185	0.447622362181	0.619103371324	0.248065506574	0.337734589548	0.521627222561	0.534635788825	0.388263656852	0.321457279446	0.425860869724	0.366002673968	0.501141001815	0.52380836016	0.353337962393	0.501354858482	0.395116458955	0.35369583858	0.438126969114	0.479174702352	0.313570780198	0.459851651548	0.374098775922	0.470710785532	0.357361180218	0.347657345737	0.41660531875	0.301360486913	0.658929281308	0.325305245091	0.367570798093	0.223683700732	0.274242098159	0.368138304253	0.295822492428	0.476398425392	0.511522298257	0.329401120355	0.290486205755	0.476281450277	0.615554990287	0.362470420949	0.401260053787	0.294788129057	0.650729097314	0.664243261378	0.417556707225	0.343766556952	0.335394225915	0.368436569053	0.378084720443	0.371543274579	0.387881748724	0.376046611566	0.351358277351	0.348688091412	0.317338531719
Uri.Jake.TGIle.732486	0.459814807224	0.0	0.3388827111	0.710629805917	0.443637408641	0.426820073078	0.512642607429	0.297020408437	0.364239013093	0.444172287947	0.722609443233	0.308382408316	0.378390329737	0.326339593268	0.464768615637	0.246372118464	0.370530803671	0.706951636911	0.607915880267	0.370466000413	0.429925964859	0.416329066814	0.447245746518	0.576497649972	0.633478678739	0.454119448601	0.367942135691	0.596358721946	0.536149844022	0.360659067123	0.353504137948	0.25078943165	0.401743042715	0.639056280441	0.599881986414	0.481974973594	0.53965495243	0.432909879735	0.436106238397	0.295983234386	0.586194616198	0.344146351583	0.29379730824	0.38308323416	0.118072377334	0.225991936642	0.425586330882	0.430932416267	0.442055313878	0.694089634847	0.532153362273	0.325052217664	0.5049985925	0.503447438713	0.505996307492	0.49344725612	0.368268403149	0.598394153594	0.528227408805	0.487933509084	0.409766016805	0.647054260661	0.417307975575	0.301500026003	0.475715549325	0.695682532771	0.703952840066	0.305364560061	0.379822156117	0.497787709612	0.312000385942	0.285419681186	0.351852344581	0.322464626904	0.381592407288	0.424059934279	0.318245482081	0.316763252188
Uri.Jake.TGCec.732550	0.351716748994	0.3388827111	0.0	0.627283595376	0.389923783487	0.230058336367	0.423985353442	0.23711911143	0.215089490849	0.310716068286	0.606823304998	0.193875627202	0.497070055086	0.325413211722	0.346177246191	0.187052230818	0.423908472307	0.623101685181	0.51075658931	0.303487655802	0.344736183508	0.269093314902	0.355274059077	0.50357375275	0.540667811661	0.317902074243	0.208353453036	0.502136485906	0.433703160657	0.206802543763	0.113365824793	0.206520336205	0.241894007128	0.587628144054	0.497690603358	0.471504322381	0.55332357588	0.266696625771	0.261838295093	0.256994039489	0.480090673903	0.227761067627	0.437836424369	0.178554555659	0.385487780645	0.26839925363	0.251916790537	0.258581114361	0.45642811054	0.591144087943	0.437554080553	0.183315123696	0.379542327526	0.381425681143	0.474245934898	0.427397149826	0.457463903254	0.504444020281	0.428968491976	0.428929978389	0.467066640544	0.59227022997	0.226617198606	0.36410558069	0.372230126346	0.61338224299	0.60133466506	0.361072837255	0.161137701363	0.452686010472	0.301081811435	0.299882144622	0.200081724468	0.179370040733	0.339172776891	0.202725552317	0.157591886533	0.11969430672
Nick.Krishna.TG.Oral.732464	0.676709104162	0.710629805917	0.627283595376	0.0	0.700102800066	0.593852858193	0.698361933491	0.625727543156	0.588394816247	0.668215592819	0.280720555019	0.636383226986	0.753084442555	0.664997420544	0.671094532813	0.650933099266	0.737394803886	0.108533638951	0.697458244071	0.632871734282	0.657559579854	0.644530173287	0.67003879623	0.755001346978	0.218454872758	0.666426583728	0.649641987263	0.614470466976	0.358015796938	0.640880296764	0.619583078454	0.621822292433	0.639150136579	0.812378800201	0.637710598321	0.743586901222	0.769433668502	0.667765677807	0.653371093243	0.616399514788	0.295728465992	0.627072812001	0.737306215685	0.616307452564	0.71953998924	0.663267943122	0.643604428126	0.588052828395	0.744790060792	0.234715838176	0.712067112185	0.626877171115	0.656584991686	0.648144901065	0.745043334198	0.709636561068	0.7240467884	0.640047687911	0.681557986411	0.702491529652	0.743455613526	0.529480061369	0.635108860646	0.689637624228	0.66444214679	0.0973157982808	0.208569295461	0.660540713369	0.622099024219	0.750146381641	0.651775064643	0.648044096261	0.614610274676	0.640809829916	0.676607836266	0.606304406355	0.626835635479	0.63130867642
Joey.Aaron.Kyle.WT.Ile.732540	0.264403354886	0.443637408641	0.389923783487	0.700102800066	0.0	0.435243066935	0.277355799875	0.383205579952	0.4290366522	0.462854357909	0.72120989266	0.37254672287	0.45302306321	0.388516692372	0.213156849141	0.370481978964	0.431279834782	0.705693340007	0.622518770956	0.384957527409	0.292865723483	0.380590848738	0.286948144506	0.47099993646	0.648223104078	0.220934372292	0.315924084205	0.548452115386	0.548649122803	0.433294724041	0.383609005947	0.431931433851	0.411009897541	0.517799743047	0.552549680879	0.246134959388	0.461613576265	0.434864873157	0.382935342502	0.462197565284	0.471873154522	0.348557914955	0.379455189432	0.417519231965	0.433715599572	0.356910836993	0.386540330384	0.470654904086	0.263786086957	0.694651792423	0.277614520103	0.38923268857	0.256311649083	0.282249713919	0.267430394961	0.221198078154	0.437355137126	0.544751769843	0.311516753306	0.326530404015	0.450938275756	0.660955693411	0.408628204989	0.324578015416	0.261272993292	0.688345852792	0.703277431063	0.396514130141	0.383774599867	0.188710643922	0.397841723698	0.396774565626	0.405190171753	0.422446727228	0.357356749478	0.414994973987	0.378515451147	0.351730281377
Wang.TG.Fec.732515	0.393775019716	0.426820073078	0.230058336367	0.593852858193	0.435243066935	0.0	0.473418995894	0.212639837246	0.116594974557	0.435189415294	0.571021823602	0.269696290826	0.51311475443	0.408572151909	0.373566925868	0.267090349938	0.4606870227	0.59103164279	0.493148075946	0.373842246928	0.354605357696	0.284598281872	0.384571107962	0.525142527103	0.561369785172	0.35261847267	0.346167387181	0.524300807966	0.482695256779	0.339285795877	0.242100660819	0.224315850328	0.204955926652	0.607324946963	0.522412378868	0.516124258329	0.590746243853	0.334999966049	0.319327459076	0.25886295276	0.484673959116	0.284972825092	0.47809613154	0.291591482502	0.4334593174	0.326210153566	0.299524825721	0.108730496817	0.499373143737	0.559028035989	0.477395603361	0.234433933711	0.415126250458	0.413193676082	0.52031699346	0.469727420037	0.496067279749	0.528464392938	0.461476816075	0.459819816219	0.486731262013	0.615617867249	0.286475117312	0.417954604876	0.398851738447	0.589581109226	0.567224089218	0.420854916059	0.254889970092	0.496761740597	0.291315726963	0.338093356001	0.136641604639	0.296258564228	0.375218175665	0.136413078894	0.180934214992	0.27469462237
Ryan.WT.Abd.732465	0.327394005814	0.512642607429	0.423985353442	0.698361933491	0.277355799875	0.473418995894	0.0	0.457832078086	0.459099013678	0.465063636241	0.72594852206	0.397982385056	0.470998449101	0.409712441936	0.317114487609	0.431169076785	0.440936839214	0.699491985979	0.643173908805	0.432297993635	0.392333251918	0.395902811657	0.354216405138	0.467465511841	0.652186594365	0.341006842677	0.346252208018	0.538784689998	0.575125890103	0.460011669824	0.406096457295	0.49278094292	0.425208916787	0.498461751412	0.539506438943	0.349544405836	0.48412328874	0.429413882011	0.391941676536	0.506103680908	0.520480419745	0.392771410995	0.429199680532	0.426797561822	0.519302641305	0.427977825363	0.402907543614	0.504312096778	0.32924777264	0.704013854545	0.32396865689	0.426913142153	0.267352397409	0.314606983027	0.346781772593	0.147588682632	0.457256896832	0.536623292307	0.186889098145	0.355947658978	0.448681294727	0.669677502557	0.417728523288	0.386899496332	0.369925947472	0.686627658182	0.710198706133	0.446389014963	0.391846133244	0.314591600884	0.43792493349	0.438027304279	0.465542338207	0.465459706108	0.376737800122	0.436212770608	0.429949721513	0.386289740599
TH.CVA.WT.Col.732504	0.375299406583	0.297020408437	0.23711911143	0.625727543156	0.383205579952	0.212639837246	0.457832078086	0.0	0.194493329187	0.406729811655	0.610635748156	0.192722973405	0.447116689858	0.386850631431	0.362610749417	0.22072738817	0.437812528224	0.618614359505	0.519792869822	0.315527939266	0.319419467813	0.321791347662	0.361459361717	0.532845259255	0.573276940606	0.33329408417	0.342771107354	0.542452256245	0.468124857822	0.332656938336	0.259645161338	0.184404682924	0.233216014514	0.606075423578	0.539030368356	0.471183327249	0.556053249052	0.358565761173	0.309897791231	0.2437857204	0.476118335311	0.263727261948	0.368486830568	0.306258915448	0.318667564282	0.245329470438	0.295765374134	0.230367703478	0.43726298589	0.59253977849	0.45666997905	0.152911367624	0.40854321777	0.408162037304	0.471975006332	0.430887193419	0.435889241376	0.546699461918	0.453239922432	0.445647508677	0.464610775916	0.632017238138	0.282333530201	0.306616326946	0.372783498603	0.608635713785	0.599513802648	0.367533305824	0.284343441889	0.451193727611	0.294486520194	0.323120309069	0.161133045151	0.279060552426	0.332260481915	0.22635842548	0.190012202749	0.256404574808
Gail.TG.Col.732544	0.382742142395	0.364239013093	0.215089490849	0.588394816247	0.4290366522	0.116594974557	0.459099013678	0.194493329187	0.0	0.415037023161	0.566019059542	0.224866478947	0.462680764374	0.353697068659	0.380792470102	0.211473502024	0.405376666454	0.581820154434	0.465604630255	0.328477281812	0.348818322807	0.277941153272	0.380462688059	0.509454204966	0.534108832952	0.363335864826	0.321164683688	0.513636357003	0.464008765589	0.313974648923	0.24021160945	0.172170751113	0.200122767464	0.59140568354	0.510179063743	0.495701268665	0.5530239906	0.336196004719	0.319631536695	0.19035482212	0.473307467698	0.253007733	0.43736046297	0.262448805938	0.372584958278	0.27472756391	0.296827330133	0.113488109051	0.467687912143	0.549554442372	0.480978951558	0.196883679997	0.415936150474	0.417505211161	0.509721098391	0.457307743138	0.448713240434	0.514833985562	0.454814567456	0.444927176913	0.440822978749	0.585087430802	0.282828468097	0.366952538192	0.408171357527	0.57136499385	0.561474666094	0.363673559296	0.235461627595	0.484654789435	0.244910409174	0.272827198806	0.140341436272	0.245591991955	0.342434436507	0.150347923174	0.163872564165	0.232097718695
TH.CVA.WT.Ile.732517	0.43044617295	0.444172287947	0.310716068286	0.668215592819	0.462854357909	0.435189415294	0.465063636241	0.406729811655	0.415037023161	0.0	0.688250038649	0.326833918458	0.558227467143	0.371475857512	0.435203742633	0.370867539565	0.503829544713	0.668501335136	0.652216348142	0.342252352746	0.493942781436	0.330491675644	0.454191061767	0.569383929491	0.575200832835	0.451517549919	0.311773988767	0.543417698079	0.496882959183	0.288467098253	0.309677455515	0.408997500141	0.390173166106	0.622401997368	0.544627305472	0.545490813238	0.625120123116	0.299507951934	0.331581727651	0.398303665176	0.536491359675	0.365719872172	0.497993114877	0.264845908865	0.479630611725	0.398247671968	0.34561487923	0.4585625852	0.539211836606	0.665033387944	0.478022062735	0.330978886653	0.414450491341	0.424674059599	0.543042169202	0.471479149121	0.531380164743	0.544566552786	0.458091071305	0.505855793823	0.531734107201	0.62258311026	0.342251181498	0.407816808605	0.473118108797	0.655229784748	0.671671328716	0.44971099368	0.307488269821	0.531149878368	0.43271409704	0.411074021159	0.419576309694	0.319317161918	0.442085450234	0.396158566393	0.374671691658	0.294399737324
Brad.Jon.WT.Oral.732528	0.682321700857	0.722609443233	0.606823304998	0.280720555019	0.72120989266	0.571021823602	0.72594852206	0.610635748156	0.566019059542	0.688250038649	0.0	0.62396228669	0.779977031822	0.685475560052	0.67292628596	0.635866189452	0.760580209743	0.361103037142	0.44098884632	0.646211026959	0.639286898781	0.65111589766	0.670975972899	0.782990033104	0.397360640872	0.654150771846	0.662823750744	0.646876871813	0.394224543732	0.646741395797	0.60692842437	0.597468449943	0.627989752326	0.841928686364	0.668451591759	0.771506487547	0.798387433353	0.676283412928	0.657757221502	0.602345494565	0.312794153249	0.629673626897	0.762952435115	0.613467236203	0.733761798682	0.659359322746	0.640947547031	0.565380587307	0.762182623386	0.15362315207	0.738038814992	0.613894350517	0.672663644812	0.664338184812	0.773948147053	0.738041311115	0.752614848483	0.671453331192	0.710407366838	0.729340074846	0.766462124251	0.545210067012	0.62977200016	0.714730890431	0.669187323756	0.304427500859	0.0922663756611	0.679470951448	0.609162507301	0.773997080078	0.638429143378	0.641280438525	0.591972647185	0.62684967232	0.679019834451	0.58337089889	0.604833596114	0.624287578429
TH.CVA.WT.Fec.732553	0.343564854528	0.308382408316	0.193875627202	0.636383226986	0.37254672287	0.269696290826	0.397982385056	0.192722973405	0.224866478947	0.326833918458	0.62396228669	0.0	0.442002116305	0.295597735377	0.337323051564	0.188734855658	0.39741172292	0.630355517592	0.522134601249	0.268537841178	0.335586582481	0.282614621077	0.340320622033	0.515653283749	0.574104227248	0.317229662218	0.264907628758	0.517697991322	0.458632368827	0.269308543927	0.199109539038	0.22547657542	0.220153000015	0.583652445355	0.511662801087	0.451091242635	0.520434516063	0.288649141494	0.261621382668	0.256989295158	0.478510554267	0.226542665393	0.346559342168	0.232620364942	0.346802959663	0.230652178571	0.240453257617	0.291884735292	0.42018756459	0.605224627285	0.419767651841	0.121321580048	0.365823319453	0.365156445934	0.446092198479	0.384658415591	0.420522137297	0.519545923468	0.399413058092	0.416914672307	0.425609757341	0.603835024324	0.217515182731	0.261369018719	0.349690530943	0.616908296268	0.610636899873	0.328816446097	0.20003312641	0.434138552258	0.27135335942	0.26974630006	0.211739559281	0.226798010657	0.256470760181	0.243539885017	0.204192781544	0.18139919317
Brad.Jon.WT.Col.732469	0.504262244624	0.378390329737	0.497070055086	0.753084442555	0.45302306321	0.51311475443	0.470998449101	0.447116689858	0.462680764374	0.558227467143	0.779977031822	0.442002116305	0.0	0.312312916213	0.514912112827	0.375442357051	0.171502937655	0.749778094797	0.685955408844	0.46186481876	0.490838364762	0.502693229051	0.499169772582	0.489954592409	0.677880245703	0.521064305869	0.448055720446	0.617518068549	0.60013245347	0.517948065964	0.500702752659	0.434534285057	0.495426256768	0.529762656139	0.62536988609	0.453579637686	0.394027700925	0.565320578324	0.535145321016	0.424662924382	0.639790886076	0.414162258982	0.293048048377	0.526126277343	0.358911012716	0.311498566316	0.534449900232	0.515724095819	0.411852022867	0.75294072903	0.529050987807	0.463661147119	0.522226366687	0.552527474509	0.506592185565	0.465583344317	0.221629963764	0.610181993741	0.490303094168	0.47436984915	0.217755758379	0.697076886418	0.54547653837	0.31204878055	0.530494204896	0.738369573042	0.7626435054	0.264323197143	0.516063951322	0.467693445964	0.297131052977	0.294771302741	0.458039126603	0.465648732919	0.38952318981	0.518053900595	0.447424760349	0.443634030554
Brad.Jon.WT.Con1.732543	0.391376548127	0.326339593268	0.325413211722	0.664997420544	0.388516692372	0.408572151909	0.409712441936	0.386850631431	0.353697068659	0.371475857512	0.685475560052	0.295597735377	0.312312916213	0.0	0.430405939972	0.270678089321	0.247592322199	0.656752709872	0.609053796655	0.337780381368	0.432810757251	0.347302049862	0.407072230096	0.475757860273	0.586272342637	0.438101488411	0.284263392363	0.529517609743	0.506381298188	0.348118535986	0.319478212439	0.341560923204	0.351247364083	0.550244621002	0.532067499055	0.404833683404	0.419624098976	0.370403106286	0.392406909235	0.315201482878	0.525870035092	0.311451484569	0.28554691333	0.309896055032	0.351928491994	0.230962271015	0.387371744813	0.425165150146	0.35694261873	0.653691296456	0.444860400984	0.327975952757	0.410854328348	0.440347391255	0.438832617577	0.408228870137	0.275157910927	0.517773423997	0.417940495706	0.362196024464	0.273954062624	0.583950252272	0.388341634527	0.254048258548	0.452487412645	0.643537242253	0.667516395208	0.202334485842	0.303805902454	0.42408463275	0.195318209121	0.194704850358	0.381317029384	0.303618585932	0.297398200014	0.375070007871	0.359466072021	0.263600389914
Joey.Aaron.Kyle.WT.Fec.732462	0.227235186628	0.464768615637	0.346177246191	0.671094532813	0.213156849141	0.373566925868	0.317114487609	0.362610749417	0.380792470102	0.435203742633	0.67292628596	0.337323051564	0.514912112827	0.430405939972	0.0	0.354023839758	0.483470470543	0.675776007767	0.5979846557	0.390513141598	0.261598217677	0.344072988035	0.199496860026	0.512420869844	0.627095312786	0.0996040556208	0.351630749002	0.523524470636	0.534494592741	0.394674110644	0.324215070028	0.414548220022	0.356963883046	0.574120843044	0.520422517937	0.352667766075	0.534266450329	0.39353702289	0.34365197394	0.430935724903	0.437184726686	0.324004013976	0.46555704175	0.367018171691	0.472121413251	0.376374945728	0.33066076395	0.40592863293	0.352469537351	0.652731450018	0.224000041058	0.355466208379	0.237266884437	0.175471835785	0.348053196814	0.28764418238	0.50445193437	0.525330517246	0.328462620531	0.365305827407	0.498499889656	0.639844787575	0.351574509018	0.408623955114	0.163177059078	0.656767435554	0.656312745256	0.454032962646	0.33447396869	0.24742062836	0.391982885514	0.39709091366	0.360435501955	0.388689962818	0.376664163934	0.348543360566	0.344140812563	0.318918529969
Chen.Lladser.WT.Fec.732512	0.344828611515	0.246372118464	0.187052230818	0.650933099266	0.370481978964	0.267090349938	0.431169076785	0.22072738817	0.211473502024	0.370867539565	0.635866189452	0.188734855658	0.375442357051	0.270678089321	0.354023839758	0.0	0.320414093006	0.642530729094	0.523529191318	0.256729706972	0.341153651503	0.296326165695	0.351777231616	0.496541358155	0.574101016301	0.331291454545	0.260860959034	0.516125996256	0.456713001292	0.258334059365	0.211449625874	0.179395688826	0.248995353174	0.576863445656	0.512084771276	0.421767007951	0.49826170751	0.333633743456	0.327674713004	0.235482131879	0.49822126458	0.196914488637	0.317526513532	0.272066694089	0.250203241203	0.140417999313	0.307827483249	0.281439831085	0.402561837915	0.611031843146	0.442340484676	0.195361163746	0.400515394142	0.400146826558	0.458034670918	0.413171417485	0.318532756174	0.508812218896	0.442405565784	0.409993588075	0.374166767176	0.568078200099	0.292375514364	0.268429871795	0.377968242519	0.626737737001	0.624510762253	0.233337161808	0.233026038723	0.430757280266	0.211459068649	0.191227787502	0.197239562607	0.168207737494	0.308600232662	0.249374824195	0.176376447499	0.178895679249
Wang.TG.Ile.732525	0.454932684518	0.370530803671	0.423908472307	0.737394803886	0.431279834782	0.4606870227	0.440936839214	0.437812528224	0.405376666454	0.503829544713	0.760580209743	0.39741172292	0.171502937655	0.247592322199	0.483470470543	0.320414093006	0.0	0.732780443333	0.646431048441	0.426045827509	0.474164976224	0.432696756851	0.462840883581	0.470705062707	0.659831390989	0.49200677779	0.378199984766	0.597915613954	0.575732019006	0.446260553196	0.425665111367	0.418901015593	0.428421485903	0.528819071378	0.604971044392	0.447150043968	0.338244687827	0.493963609832	0.471239274491	0.413779547303	0.612177904702	0.355051933114	0.264942903501	0.450578035299	0.358991212046	0.263882851834	0.4680770724	0.472011010589	0.379419933498	0.728582584132	0.504779785613	0.424014406366	0.483817971041	0.514729397739	0.49156219047	0.445616947365	0.204708741747	0.588524887987	0.456766598125	0.447095974244	0.138413269278	0.659918331532	0.480149854082	0.290476548097	0.505867559536	0.720536962406	0.74207157212	0.233861111792	0.432597454867	0.450637256875	0.223292729345	0.252292552755	0.415116778795	0.414639125415	0.333745863378	0.447108511022	0.397629731066	0.372584075901
Uri.Jake.TGOral.732536	0.67534023189	0.706951636911	0.623101685181	0.108533638951	0.705693340007	0.59103164279	0.699491985979	0.618614359505	0.581820154434	0.668501335136	0.361103037142	0.630355517592	0.749778094797	0.656752709872	0.675776007767	0.642530729094	0.732780443333	0.0	0.758062806377	0.62578925447	0.659895682811	0.63943114648	0.671383110053	0.745189255157	0.196644061578	0.670117106482	0.64629394842	0.610577064588	0.346369725331	0.633326337788	0.615717748281	0.619341600753	0.627993050956	0.809741368751	0.632237393249	0.73823595116	0.762978283622	0.666217319988	0.654912727592	0.612703067925	0.338907439257	0.618901049519	0.730102544819	0.611467239689	0.716976294092	0.658263453336	0.645016719684	0.585282387803	0.744602317962	0.294633230321	0.717977099149	0.62221171635	0.6605359027	0.656806382172	0.748282611042	0.713224519182	0.712722147749	0.634478820512	0.6893873644	0.696201330583	0.741306142086	0.577538946085	0.637436578695	0.688949657532	0.672683890369	0.142108614446	0.296793053355	0.657923304356	0.620342907614	0.752928939802	0.646521824899	0.642092253687	0.607952400363	0.635704430053	0.674985939351	0.5997372085	0.619112653911	0.623968630605
Elizabeth.Chris.WT.Oral.732520	0.596675254748	0.607915880267	0.51075658931	0.697458244071	0.622518770956	0.493148075946	0.643173908805	0.519792869822	0.465604630255	0.652216348142	0.44098884632	0.522134601249	0.685955408844	0.609053796655	0.5979846557	0.523529191318	0.646431048441	0.758062806377	0.0	0.551029195765	0.547217388812	0.531021603046	0.590692031468	0.713173247091	0.724644284444	0.572113916216	0.566523269905	0.694592091983	0.630631093279	0.589860087438	0.52229161992	0.500881608457	0.536617565025	0.757040861005	0.712795538343	0.695717268788	0.702276417051	0.609321810662	0.57578273277	0.545662367678	0.584556192443	0.509702295878	0.647676549474	0.554359790119	0.622476969268	0.542214352314	0.557140996184	0.520475575537	0.659193850832	0.506703311742	0.671879356567	0.513801488461	0.613216375255	0.621176862579	0.680497431864	0.648156893695	0.682661179048	0.712776417807	0.623754141404	0.669029582679	0.671300200156	0.694396444237	0.548450882125	0.585767875944	0.604871465874	0.685742904825	0.504197778408	0.610778042211	0.533973542321	0.675253053135	0.544168790159	0.558041461582	0.490537575122	0.54126820131	0.5690498631	0.501395636207	0.478365877496	0.52573676432
Joey.Aaron.Kyle.WT.Abd.732541	0.390208465159	0.370466000413	0.303487655802	0.632871734282	0.384957527409	0.373842246928	0.432297993635	0.315527939266	0.328477281812	0.342252352746	0.646211026959	0.268537841178	0.46186481876	0.337780381368	0.390513141598	0.256729706972	0.426045827509	0.62578925447	0.551029195765	0.0	0.422549066755	0.256338776697	0.406445442863	0.513036025679	0.536112764746	0.391005716709	0.289336061945	0.455224293645	0.373463803467	0.272045627603	0.29771324914	0.311318966653	0.321338794511	0.602857852561	0.470272230291	0.440326523226	0.539217273937	0.336550014314	0.325129401585	0.328807529137	0.473130192939	0.219399559351	0.406453854189	0.293065608167	0.37817537936	0.288685989602	0.316934966192	0.380666188232	0.458699023509	0.590581930173	0.451616102757	0.266374336758	0.390245239536	0.398094261769	0.480301692119	0.429436887134	0.42031359022	0.456384374314	0.418118007341	0.414337555379	0.447216050704	0.569881155172	0.316786537997	0.304358199384	0.418605946568	0.610075000093	0.625296498824	0.329850402455	0.289649531508	0.461211890813	0.353624583846	0.325655281013	0.323805197056	0.301651038928	0.371595486912	0.342014050192	0.311323264277	0.267154698698
Ryan.WT.Fec.732502	0.261520300187	0.429925964859	0.344736183508	0.657559579854	0.292865723483	0.354605357696	0.392333251918	0.319419467813	0.348818322807	0.493942781436	0.639286898781	0.335586582481	0.490838364762	0.432810757251	0.261598217677	0.341153651503	0.474164976224	0.659895682811	0.547217388812	0.422549066755	0.0	0.407770541205	0.2035711814	0.53997118418	0.612169441037	0.224799558606	0.409380586189	0.552058688227	0.530035174974	0.427223800817	0.350667723765	0.363322610133	0.357418559012	0.59416056282	0.550228302924	0.392919842896	0.520276625676	0.441859415118	0.407611627424	0.385956216541	0.460317934151	0.365453739787	0.44910502716	0.395588821399	0.438918355229	0.352543407487	0.390629444117	0.381653227688	0.297812318866	0.632193655122	0.382422669877	0.334529541731	0.320284797824	0.316930438385	0.405581637885	0.321339935008	0.483346055472	0.557136079489	0.393246214779	0.388193759988	0.49167865622	0.647412663055	0.383874855847	0.408167613921	0.249110650029	0.637729682527	0.63468375725	0.43611822941	0.372900419987	0.356115544299	0.369449239071	0.382688907951	0.323869365611	0.369198406313	0.380568288459	0.335890384222	0.321247540085	0.358315152009
Jordan.Lisette.TG.Ile.732463	0.34953151705	0.416329066814	0.269093314902	0.644530173287	0.380590848738	0.284598281872	0.395902811657	0.321791347662	0.277941153272	0.330491675644	0.65111589766	0.282614621077	0.502693229051	0.347302049862	0.344072988035	0.296326165695	0.432696756851	0.63943114648	0.531021603046	0.256338776697	0.407770541205	0.0	0.367260973109	0.474364345431	0.53702721075	0.367524795273	0.256322114696	0.457440742468	0.431130488172	0.264030292739	0.239691061704	0.345075603731	0.218084232406	0.568744099528	0.466361959455	0.468552979222	0.560376712335	0.232692227902	0.246034220892	0.340030809665	0.481843163567	0.22795634668	0.447795545315	0.261713378485	0.42105883055	0.329938490621	0.262539175844	0.295895977056	0.468676072828	0.600037189818	0.420984328138	0.281235852712	0.337277685501	0.348626007133	0.479375936949	0.393470230958	0.455777644804	0.455522435368	0.370337895823	0.390391552493	0.472347650897	0.574974400763	0.264403863605	0.350566481408	0.395747792654	0.622896617484	0.630957912299	0.377298869157	0.253887289835	0.461864905235	0.311776140833	0.315283977448	0.31087263363	0.331843100207	0.349647747142	0.242231131928	0.281897845318	0.256682285079
Elizabeth.Chris.WT.Fec.732549	0.144949211185	0.447245746518	0.355274059077	0.67003879623	0.286948144506	0.384571107962	0.354216405138	0.361459361717	0.380462688059	0.454191061767	0.670975972899	0.340320622033	0.499169772582	0.407072230096	0.199496860026	0.351777231616	0.462840883581	0.671383110053	0.590692031468	0.406445442863	0.2035711814	0.367260973109	0.0	0.519877558785	0.620934320356	0.210258163985	0.382998856708	0.520162151506	0.534814142716	0.395818449736	0.333520909952	0.415490292938	0.367366358752	0.576096457824	0.520052058085	0.358164077136	0.493335856326	0.416241663408	0.37883307167	0.422293861092	0.465441676002	0.342032325699	0.460174410655	0.38045511993	0.470575080471	0.364409548845	0.359872718343	0.40887487147	0.309678248696	0.651046277038	0.337489289638	0.366194785264	0.253659415237	0.273830723615	0.409031216492	0.317601705267	0.481394391313	0.524468619086	0.368118965462	0.287619022069	0.475732455659	0.626689195675	0.370897325947	0.40694266899	0.260822395841	0.643897338947	0.654927520217	0.429206551955	0.360891179548	0.315803465952	0.365514153452	0.37931972551	0.35995399129	0.385930185317	0.370303078626	0.359074657439	0.349386558604	0.335104250326
Joshua.Jose.WTIle.732530	0.447622362181	0.576497649972	0.50357375275	0.755001346978	0.47099993646	0.525142527103	0.467465511841	0.532845259255	0.509454204966	0.569383929491	0.782990033104	0.515653283749	0.489954592409	0.475757860273	0.512420869844	0.496541358155	0.470705062707	0.745189255157	0.713173247091	0.513036025679	0.53997118418	0.474364345431	0.519877558785	0.0	0.684117494111	0.520968686827	0.457350731647	0.506235329371	0.619846295738	0.459014758552	0.489356472773	0.552564360731	0.512974617133	0.270646189772	0.532672573674	0.470761126284	0.53484465943	0.545708457287	0.515778705173	0.563876381092	0.609970586184	0.462733834584	0.528591566967	0.524895890365	0.571819025371	0.492622420367	0.515593359257	0.541189939672	0.486496820774	0.753333311048	0.533163769663	0.52341583461	0.498745837915	0.524198884821	0.502777020803	0.49354599554	0.438209638131	0.485836856426	0.470875539262	0.421291226094	0.496263994596	0.686916183245	0.527079570093	0.50945479966	0.541730240501	0.717168164003	0.76865399416	0.478512902957	0.505984970321	0.521439223717	0.485127968072	0.48875018231	0.519444688076	0.534405212049	0.507900351742	0.501258375407	0.500027958156	0.473820214182
Gail.TG.Abd.732538	0.619103371324	0.633478678739	0.540667811661	0.218454872758	0.648223104078	0.561369785172	0.652186594365	0.573276940606	0.534108832952	0.575200832835	0.397360640872	0.574104227248	0.677880245703	0.586272342637	0.627095312786	0.574101016301	0.659831390989	0.196644061578	0.724644284444	0.536112764746	0.612169441037	0.53702721075	0.620934320356	0.684117494111	0.0	0.622413099332	0.547170901472	0.555706485222	0.240993079963	0.537160632405	0.538372639543	0.562969588101	0.561340967487	0.763739857787	0.583786540173	0.680113645795	0.71506789327	0.579504565308	0.578113357366	0.562266079118	0.321611482213	0.525013730484	0.66819118911	0.534206466295	0.643370264773	0.594575029013	0.581408698333	0.5670670613	0.693069796926	0.301259608549	0.681510148363	0.551209494062	0.615267706956	0.62046731109	0.705180500619	0.664576119604	0.642874596637	0.571623943573	0.642837945466	0.637618261031	0.669483525859	0.514905255047	0.572438930029	0.604434178984	0.636523379915	0.183279120035	0.331451227448	0.593501394854	0.560885838466	0.701180152757	0.584602896115	0.578557039596	0.552504529661	0.568507671106	0.623515702117	0.543212881467	0.541261651202	0.551981952331
Joey.Aaron.Kyle.WT.Col.732503	0.248065506574	0.454119448601	0.317902074243	0.666426583728	0.220934372292	0.35261847267	0.341006842677	0.33329408417	0.363335864826	0.451517549919	0.654150771846	0.317229662218	0.521064305869	0.438101488411	0.0996040556208	0.331291454545	0.49200677779	0.670117106482	0.572113916216	0.391005716709	0.224799558606	0.367524795273	0.210258163985	0.520968686827	0.622413099332	0.0	0.365384189605	0.534019311421	0.525493141433	0.393444699059	0.313899982322	0.384573851735	0.348674072959	0.583183683418	0.527246503312	0.356994401547	0.54319572332	0.403453142937	0.363414374687	0.413339578346	0.432218136451	0.329419881538	0.461382785779	0.362050350866	0.468189352663	0.366148548805	0.345414760775	0.389293398787	0.353285096935	0.63878088704	0.268360982527	0.330774161083	0.269356797276	0.211196402583	0.347251342214	0.3082594515	0.503511371336	0.538963523278	0.355363542907	0.378190933146	0.508469067283	0.638791111781	0.351251274262	0.410788777778	0.170067681125	0.650207274147	0.642611646001	0.45061405596	0.325230474228	0.258920808988	0.388005673616	0.396787845529	0.335641080124	0.363368697711	0.380704719267	0.335108443881	0.316093100891	0.323597858561
Joey.Aaron.Kyle.WT.Oral.732506	0.337734589548	0.367942135691	0.208353453036	0.649641987263	0.315924084205	0.346167387181	0.346252208018	0.342771107354	0.321164683688	0.311773988767	0.662823750744	0.264907628758	0.448055720446	0.284263392363	0.351630749002	0.260860959034	0.378199984766	0.64629394842	0.566523269905	0.289336061945	0.409380586189	0.256322114696	0.382998856708	0.457350731647	0.547170901472	0.365384189605	0.0	0.499107268721	0.463182162693	0.261318540042	0.17671752378	0.327053612426	0.295560598638	0.528253155078	0.500935110613	0.402514263528	0.494853533931	0.262532582977	0.263169474999	0.3588368861	0.501423594238	0.219128820706	0.387081581993	0.247330510231	0.390179649168	0.294142809524	0.274322694561	0.379154884418	0.405523401809	0.630555235151	0.375169482319	0.286179981275	0.318845272247	0.365036525758	0.414854983444	0.356002506734	0.413965953856	0.492694688356	0.33719173983	0.384203722934	0.41592838358	0.593808884895	0.280988790916	0.31134983435	0.389501938458	0.63545893426	0.64350702021	0.326774126932	0.211297925466	0.380049094866	0.332043240637	0.312357892199	0.32822657826	0.296944683878	0.330790600086	0.292167882013	0.276485857526	0.171212511553
Joshua.Jose.WTOral.732551	0.521627222561	0.596358721946	0.502136485906	0.614470466976	0.548452115386	0.524300807966	0.538784689998	0.542452256245	0.513636357003	0.543417698079	0.646876871813	0.517697991322	0.617518068549	0.529517609743	0.523524470636	0.516125996256	0.597915613954	0.610577064588	0.694592091983	0.455224293645	0.552058688227	0.457440742468	0.520162151506	0.506235329371	0.555706485222	0.534019311421	0.499107268721	0.0	0.504573173254	0.395564468858	0.470271520948	0.558745615702	0.485665846479	0.670732547719	0.104352844737	0.551726794454	0.620294525641	0.515436711159	0.49288861831	0.549233920664	0.517581188835	0.468327421476	0.588915726947	0.494553207629	0.598510732066	0.529238436315	0.485628252611	0.508270229723	0.590716792608	0.619286880408	0.583854894986	0.527142548262	0.510585297129	0.526083895658	0.602286501736	0.556908532131	0.543090617663	0.0974557940303	0.534905983854	0.386648877235	0.608440237854	0.575979533151	0.493325631644	0.543731206962	0.554162267135	0.580312626705	0.627563860007	0.531328485645	0.492071020682	0.601532586358	0.525021216222	0.526784760319	0.529646227165	0.524391967984	0.536402462639	0.498123542748	0.511756425226	0.47588311796
Nick.Krishna.TG.Abd.732510	0.534635788825	0.536149844022	0.433703160657	0.358015796938	0.548649122803	0.482695256779	0.575125890103	0.468124857822	0.464008765589	0.496882959183	0.394224543732	0.458632368827	0.60013245347	0.506381298188	0.534494592741	0.456713001292	0.575732019006	0.346369725331	0.630631093279	0.373463803467	0.530035174974	0.431130488172	0.534814142716	0.619846295738	0.240993079963	0.525493141433	0.463182162693	0.504573173254	0.0	0.437796672415	0.446823957494	0.475205297758	0.482256211336	0.712033376217	0.539072360107	0.598307711771	0.640574469557	0.517097155566	0.506094391423	0.487377387337	0.254813315612	0.384552944294	0.573179441338	0.453832256928	0.547025110749	0.483457993295	0.497988430173	0.498547631631	0.613765615712	0.336524587941	0.595669066259	0.445561260254	0.541048704281	0.54263449922	0.627521365751	0.581851851	0.55233152381	0.517024444278	0.560680702796	0.562333320171	0.579024701541	0.46283075007	0.490174744273	0.495438542721	0.549558557689	0.334874574268	0.368892656762	0.481570100005	0.480696263653	0.610959910595	0.501056092376	0.489035842878	0.45029068556	0.45465866623	0.539879590728	0.471405610206	0.429572586295	0.441939438096
Chen.Lladser.WT.Col.732473	0.388263656852	0.360659067123	0.206802543763	0.640880296764	0.433294724041	0.339285795877	0.460011669824	0.332656938336	0.313974648923	0.288467098253	0.646741395797	0.269308543927	0.517948065964	0.348118535986	0.394674110644	0.258334059365	0.446260553196	0.633326337788	0.589860087438	0.272045627603	0.427223800817	0.264030292739	0.395818449736	0.459014758552	0.537160632405	0.393444699059	0.261318540042	0.395564468858	0.437796672415	0.0	0.206951119642	0.302797871574	0.30648742084	0.619829242268	0.395597770543	0.480049518406	0.57044453512	0.270728561355	0.299034398328	0.304365547068	0.49519826197	0.271204620212	0.460861936753	0.236248812931	0.395174431286	0.316725339951	0.301727466408	0.346049839486	0.484825176853	0.615631301833	0.480072850906	0.275007299376	0.412975827036	0.418570177828	0.51306309211	0.465403583381	0.419913717729	0.394955466669	0.462008285859	0.353321422912	0.499295894565	0.570820032943	0.284949718673	0.385839895625	0.429890677008	0.608050826962	0.629145200932	0.364371436841	0.260002315168	0.499925769795	0.362097506223	0.343947008761	0.312702437684	0.246762175341	0.388979445727	0.308186175516	0.278315590254	0.21444289367
Nick.Krishna.TG.Cec.732493	0.321457279446	0.353504137948	0.113365824793	0.619583078454	0.383609005947	0.242100660819	0.406096457295	0.259645161338	0.24021160945	0.309677455515	0.60692842437	0.199109539038	0.500702752659	0.319478212439	0.324215070028	0.211449625874	0.425665111367	0.615717748281	0.52229161992	0.29771324914	0.350667723765	0.239691061704	0.333520909952	0.489356472773	0.538372639543	0.313899982322	0.17671752378	0.470271520948	0.446823957494	0.206951119642	0.0	0.25826213607	0.214363206486	0.567972026529	0.466479011131	0.467798515287	0.545268888288	0.231193975967	0.223200649034	0.292269365004	0.4728287909	0.211393052531	0.44134180652	0.179543205622	0.394279940644	0.279577919293	0.209279751327	0.266708612654	0.448719704719	0.586068950018	0.409164081831	0.207594718862	0.334549141798	0.344489852863	0.458943578804	0.408687669502	0.468338408644	0.473304493909	0.393150728838	0.402331107682	0.4629353937	0.572883196671	0.198958195429	0.3662814835	0.348608119044	0.607330972976	0.593403129094	0.374435036311	0.136162521008	0.446776792307	0.306624443973	0.305895064313	0.238970432867	0.223161552307	0.338908576591	0.199425622731	0.208682777012	0.116916637767
Nick.Krishna.TG.Ile.732501	0.425860869724	0.25078943165	0.206520336205	0.621822292433	0.431931433851	0.224315850328	0.49278094292	0.184404682924	0.172170751113	0.408997500141	0.597468449943	0.22547657542	0.434534285057	0.341560923204	0.414548220022	0.179395688826	0.418901015593	0.619341600753	0.500881608457	0.311318966653	0.363322610133	0.345075603731	0.415490292938	0.552564360731	0.562969588101	0.384573851735	0.327053612426	0.558745615702	0.475205297758	0.302797871574	0.25826213607	0.0	0.290912051019	0.625901130599	0.556821848667	0.498532828207	0.56503553188	0.377552208418	0.390454196991	0.165967113471	0.49753737137	0.278271831211	0.408585986028	0.297963797485	0.269593796513	0.240117822539	0.367586699607	0.232520471186	0.471310728163	0.584870475992	0.505677177174	0.208121131458	0.462562635739	0.455618962132	0.518281974473	0.473970257371	0.42076779021	0.558592494896	0.498735892949	0.476298246957	0.453403209761	0.612403160066	0.344988006871	0.339396650233	0.426921772166	0.606878493476	0.593987329057	0.332847548125	0.275521764461	0.49042644044	0.284851104836	0.283372621611	0.159537478141	0.212878543389	0.373193877809	0.254452592307	0.194901123168	0.230714692535
